 444.00000
